0,368
0,367
0,300
0,299
0,298
0,297
0,296
0,295
0,294
0,293
0,292
0,291
0,290
0,289
0,288
0,287
0,286
0,285
0,284
0,283
0,282
0,281
0,280
0,279
0,278
0,277
0,276
0,275
0,274
0,273
0,272
0,271
0,270
0,269
0,268
0,267
0,266
0,265
0,264
0,263
0,262
0,261
0,260
0,259
0,258
0,257
0,256
0,255
0,254
0,253
0,252
0,251
0,250
0,249
0,248
0,247
0,246
0,245
0,244
0,242
0,241
0,240
0,239
0,238
0,237
0,236
0,235
0,234
0,233
0,232
0,231
0,230
0,358
0,221
0,220
0,219
0,218
0,217
0,216
0,215
0,214
0,213
0,212
0,211
0,210
0,209
0,208
0,207
0,206
0,205
0,204
0,203
0,202
0,201
0,200
0,199
0,198
0,197
0,196
0,195
0,194
0,193
0,192
0,63
0,62
0,61
0,60
0,59
0,58
0,57
0,56
0,55
0,54
0,53
0,52
0,51
0,50
0,49
0,48
0,47
0,46
0,45
0,6
0,229
0,366
0,228
0,227
0,365
72,2
72,4
0,364
72,3
0,226
0,363
0,225
0,362
15,3
0,224
0,361
2,5
2,3
0,222
0,223
0,360
1,3
78,2
78,4
0,359
78,3
6,4
19,3
5,1
5,3
16,3
9,3
10,3
79,1
79,0
78,1
78,0
77,3
77,1
77,0
76,3
76,2
76,1
76,0
75,3
75,1
75,0
74,1
74,3
74,0
73,1
73,3
73,0
72,1
72,0
71,1
71,3
71,0
70,1
70,3
70,0
69,1
69,3
69,0
68,1
68,3
68,0
67,1
67,3
67,0
66,1
66,3
66,0
65,1
65,3
65,0
64,1
64,3
64,0
63,1
63,3
63,0
62,1
62,3
62,0
61,1
61,3
61,0
60,1
60,3
60,0
59,1
59,3
59,0
58,1
58,3
58,0
57,1
57,3
57,0
56,1
56,3
56,0
55,1
55,3
55,0
54,1
54,3
54,0
53,4
53,3
53,1
53,0
19,1
18,1
18,3
17,1
17,3
16,1
15,1
10,1
9,1
6,1
2,1
1,1
0,443
